[763,1]
[366,2]
[747,6]
[362,40]
[743,1]
[358,1]
[735,1]
[729,4]
[345,3]
[340,1]
[1101,16]
[333,1]
[332,4]
[327,2]
[322,1]
[318,1]
[316,1]
[311,1]
[309,5]
[300,1]
[676,11]
[1057,1]
[1054,1]
[286,1]
[665,1]
[1048,2]
[281,2]
[276,1]
[273,7]
[261,2]
[642,1]
[250,1]
[248,1]
[1011,1865]
[1010,1]
[241,1]
[236,1]
[1001,2]
[233,2]
[226,3]
[225,1]
[990,1]
[220,1]
[977,1]
[206,1]
[193,1]
[191,1]
[190,25]
[189,1]
[570,44]
[181,1]
[178,1]
[172,2]
[171,1]
[169,1]
[165,2]
[164,8]
[159,3]
[925,1]
[156,2]
[153,1]
[151,5]
[913,1]
[142,1]
[138,2]
[134,1]
[128,2]
[126,4]
[125,3]
[121,12]
[119,1]
[116,24]
[115,1]
[113,1]
[112,1]
[111,3]
[874,1]
[100,1]
[97,1]
[96,6]
[95,9]
[478,2]
[94,1]
[93,5]
[474,1]
[87,4]
[469,1]
[850,1]
[464,1]
[846,2]
[79,4]
[77,1]
[75,2]
[74,3]
[840,572]
[454,1]
[69,1]
[452,49]
[66,2]
[447,1]
[59,5]
[58,63]
[56,3]
[55,2]
[54,1]
[52,1]
[51,1]
[50,3838]
[48,111]
[814,1]
[47,1]
[45,1]
[810,1]
[40,40]
[38,1]
[804,1]
[36,2]
[35,2]
[34,1]
[33,9]
[799,16]
[30,7]
[29,17]
[411,5]
[26,4]
[25,1]
[23,2]
[20,1]
[19,2]
[16,2]
[14,1]
[13,3]
[779,3199]
[10,13]
[9,1]
[8,37]
[774,1]
[7,32]
[6,3]
[5,2]
[4,18]
[770,2]
[3,32]
[2,44]
[1,71]
